              precision    recall  f1-score   support

           0     0.4761    0.4428    0.4589       743
           1     0.7500    0.0732    0.1333        82
           2     0.4404    0.2500    0.3189       768
           3     0.7861    0.8199    0.8026      1349
           4     0.4304    0.5186    0.4704       912
           5     0.6979    0.6583    0.6775       600
           6     0.4826    0.6108    0.5392       930

    accuracy                         0.5700      5384
   macro avg     0.5805    0.4819    0.4858      5384
weighted avg     0.5709    0.5700    0.5603      5384
